image_width: 1280
image_height: 1024
camera_name: mv_camera
camera_matrix:
  rows: 3
  cols: 3
  data: [1560.886103, 0.000000, 664.286856, 0.000000, 1561.440714, 517.679672, 0.000000, 0.000000, 1.000000]
distortion_model: plumb_bob
distortion_coefficients:
  rows: 1
  cols: 5
  data: [-0.094111, 0.222506, -0.001568, 0.002387, 0.000000]
rectification_matrix:
  rows: 3
  cols: 3
  data: [1.000000, 0.000000, 0.000000, 0.000000, 1.000000, 0.000000, 0.000000, 0.000000, 1.000000]
projection_matrix:
  rows: 3
  cols: 4
  data: [1547.245239, 0.000000, 665.794009, 0.000000, 0.000000, 1548.973267, 516.147541, 0.000000, 0.000000, 0.000000, 1.000000, 0.000000]