image_width: 1280
image_height: 1024
camera_name: mv_camera
camera_matrix:
  rows: 3
  cols: 3
  data: [2059.758022, 0.000000, 648.359192, 0.000000, 2060.360536, 480.202347, 0.000000, 0.000000, 1.000000]
distortion_model: plumb_bob
distortion_coefficients:
  rows: 1
  cols: 5
  data: [-0.076246, 0.452998, -0.000358, -0.000108, 0.000000]
rectification_matrix:
  rows: 3
  cols: 3
  data: [1.000000, 0.000000, 0.000000, 0.000000, 1.000000, 0.000000, 0.000000, 0.000000, 1.000000]
projection_matrix:
  rows: 3
  cols: 4
  data: [2057.472900, 0.000000, 647.657322, 0.000000, 0.000000, 2057.472168, 479.794536, 0.000000, 0.000000, 0.000000, 1.000000, 0.000000]